16 11 88 32 25 00 70 78 73 61 90 89 46 95 06 33 34 21 14 22
76 63 18 44 84 11 55 93 08 29 82 62 17 64 24 14 37 97 49 51
34 08 10 11 99 28 67 20 55 74 45 48 85 91 79 57 47 22 17 54
14 67 12 55 25 60 51 30 41 35 78 83 93 64 98 39 44 49 05 63
39 32 65 08 51 42 17 92 43 71 28 73 98 69 59 54 20 87 99 00
48 12 24 76 33 58 27 13 93 42 35 74 17 72 73 47 75 30 20 80
97 19 94 23 85 39 50 59 46 45 99 36 70 64 92 03 56 18 06 73
19 41 26 65 47 75 05 94 10 00 59 33 99 57 84 11 74 83 07 53
73 36 21 98 30 17 70 60 67 22 29 00 03 10 07 32 09 01 69 77
47 42 51 28 25 81 34 41 08 60 86 38 65 55 63 79 09 87 95 98
16 54 53 93 46 87 79 24 14 83 34 58 74 08 94 78 51 71 64 35
89 81 37 16 56 63 05 21 22 49 20 36 39 32 65 10 88 28 52 43
75 84 00 79 32 42 76 58 02 47 59 82 03 66 91 06 35 56 68 88
83 36 85 43 03 52 30 59 97 76 13 11 29 04 37 40 86 55 81 18
14 12 13 54 92 38 26 31 05 48 04 29 73 97 15 22 19 41 65 94
91 57 59 49 94 01 45 51 73 16 13 46 48 63 10 12 78 11 22 29
98 39 38 29 43 78 19 97 92 79 01 37 47 30 96 59 13 31 22 61
92 34 69 85 16 97 47 46 00 60 79 96 59 91 70 78 05 40 32 76
67 31 86 08 53 82 94 36 21 00 25 13 11 77 98 33 48 10 18 99
84 72 59 90 97 30 75 26 42 55 31 93 71 65 61 60 70 43 51 20
71 54 67 38 59 16 89 02 92 77 45 75 07 73 26 99 97 29 41 08
00 05 11 13 23 29 33 37 38 41 42 45 49 56 79 84 85 93 94 95
77 04 41 53 28 17 40 19 99 24 26 18 32 78 60 64 37 25 89 31
95 42 13 66 48 46 51 75 43 49 32 01 11 50 23 94 41 45 59 86
98 48 85 05 21 73 95 49 64 46 45 94 88 47 59 31 19 82 93 92
33 81 42 51 66 78 19 92 13 88 53 15 03 05 27 04 30 48 32 49
03 56 86 84 31 58 59 32 61 06 21 91 82 75 16 71 98 19 39 01
85 37 96 05 89 64 24 67 68 49 54 33 73 65 57 60 45 44 56 41
84 11 42 96 05 29 09 27 86 87 61 68 78 69 85 01 02 53 74 93
79 33 00 15 60 05 61 23 97 40 29 34 42 43 71 24 36 49 22 72
15 07 52 94 24 64 73 35 14 10 53 44 00 68 48 08 01 79 13 43
05 20 29 49 12 83 23 28 41 80 79 42 95 67 94 66 92 39 76 17
49 13 82 93 14 52 34 11 06 23 90 76 60 28 71 56 39 86 33 12
66 45 77 82 61 24 23 28 51 20 19 89 44 54 09 58 02 14 79 12
23 48 85 47 88 12 11 42 99 67 22 04 14 49 28 54 53 08 36 60
71 56 58 05 16 17 85 86 65 50 88 76 78 57 43 69 51 55 09 89
44 43 74 73 99 01 20 03 82 97 98 50 09 55 17 35 38 21 52 06
56 04 58 55 30 35 66 36 57 02 11 20 83 99 12 53 61 49 23 98
84 24 17 26 33 57 78 70 72 02 00 05 38 30 81 52 44 09 11 18
55 74 07 05 62 09 77 57 80 41 83 16 90 67 51 08 99 86 43 25
98 50 37 33 47 04 86 64 26 82 29 58 11 09 71 77 22 41 52 65
12 18 48 74 75 29 35 41 83 64 03 80 86 89 67 73 99 21 20 47
17 54 93 31 96 32 08 94 18 39 30 53 75 77 86 90 58 84 06 19
78 15 40 28 32 87 36 52 44 72 23 38 80 18 54 00 81 77 08 99
03 33 74 80 18 70 90 24 01 30 67 69 37 68 42 57 14 41 86 00
05 02 98 97 28 50 93 94 24 12 78 25 63 45 00 09 81 32 31 41
07 21 18 95 80 75 10 78 31 96 50 11 92 42 89 97 82 70 34 39
34 64 15 14 37 13 56 00 30 05 98 09 68 47 45 35 88 18 74 70
29 45 50 85 86 55 21 80 61 81 79 40 44 62 37 95 83 97 88 31
34 20 26 24 73 68 06 54 08 40 28 00 27 71 30 66 82 39 43 42
41 21 01 53 10 83 03 98 16 89 51 82 40 46 60 75 63 47 57 04
85 50 81 09 53 26 89 87 31 18 65 37 80 45 73 99 69 06 01 13
56 08 28 42 82 18 12 41 10 34 86 49 59 32 62 95 21 50 39 06
97 88 23 98 06 87 45 22 18 43 56 40 17 38 74 94 15 53 91 86
97 37 05 04 96 26 44 49 40 99 50 89 54 03 64 63 32 74 67 73
82 74 88 92 47 56 28 60 30 24 12 16 91 31 08 35 36 17 80 63
41 67 98 58 85 79 64 44 09 78 93 83 73 97 50 05 28 02 95 25
08 80 92 23 25 22 78 85 48 95 16 19 13 74 90 11 51 61 56 66
27 81 92 63 14 83 35 96 07 89 45 76 56 53 52 94 20 91 16 30
60 76 04 41 88 12 14 42 22 17 87 93 45 40 26 67 68 43 47 02
64 60 84 70 68 06 00 53 40 74 88 27 26 61 30 14 35 34 55 51
33 32 66 43 44 31 27 19 20 14 24 62 49 61 09 81 36 41 25 23
82 52 78 24 74 91 92 41 54 47 69 01 99 36 65 48 57 33 03 18
06 54 38 21 93 66 05 09 69 47 16 37 85 98 84 68 29 51 11 03
98 83 72 23 79 07 69 14 08 58 21 39 18 01 27 45 31 86 11 92
16 54 76 92 62 99 38 04 66 36 23 88 14 94 33 17 57 78 44 26
14 64 46 62 09 18 76 07 50 25 49 91 26 89 85 03 36 98 94 75
82 08 28 88 03 46 78 94 32 54 71 06 23 05 24 25 45 22 57 53
55 00 95 45 94 15 72 34 76 24 69 73 98 58 86 30 29 14 01 83
17 44 89 66 90 80 38 94 81 12 46 30 83 41 91 13 00 39 47 33
39 30 66 69 24 81 90 61 94 59 44 53 73 36 63 46 55 50 27 11
74 93 00 35 31 25 16 11 39 52 68 70 87 64 47 90 45 08 09 20
81 39 50 94 69 18 91 92 73 11 71 99 83 59 41 98 93 74 14 30
13 48 53 99 11 96 57 71 92 17 42 28 40 24 49 87 41 61 46 43
98 64 87 78 15 73 37 85 01 95 94 76 48 26 59 57 11 27 38 39
00 22 61 80 96 31 30 07 67 48 29 56 10 55 68 50 06 52 86 18
56 98 38 83 31 85 80 28 00 02 89 16 41 76 05 07 32 27 91 49
83 87 94 72 71 86 33 29 84 41 24 81 21 46 07 53 45 36 63 67
30 20 51 85 15 26 86 09 87 37 07 02 67 43 47 77 04 03 55 38
00 91 20 50 88 22 06 17 41 86 42 81 55 93 30 77 98 36 12 95
16 83 92 39 23 97 67 14 65 74 68 87 30 63 86 94 52 43 47 33
64 14 48 42 79 06 53 62 69 52 22 21 85 01 93 90 59 47 49 88
30 83 71 13 45 44 37 40 76 74 51 11 65 04 85 50 79 00 61 43
19 45 65 16 95 68 88 57 11 22 42 03 81 25 04 08 50 12 55 02
92 63 31 60 45 47 84 23 25 71 58 02 04 13 44 07 30 51 36 10
87 01 26 42 71 96 33 45 19 38 51 61 60 98 24 64 99 47 59 14
17 24 87 15 47 53 43 83 51 96 54 59 99 42 85 93 30 98 67 06
76 95 30 46 77 84 66 47 51 17 86 94 45 60 33 57 41 11 28 23
17 59 67 86 83 48 44 68 50 64 88 60 63 41 01 11 76 33 25 56
57 93 34 55 62 52 66 92 20 37 32 17 73 80 24 26 31 25 94 88
81 25 64 23 22 67 85 34 55 91 14 08 36 27 31 26 35 66 58 00
70 60 58 86 61 05 90 51 27 55 29 48 13 62 42 21 92 63 35 89
81 20 82 94 69 74 01 53 77 28 19 49 90 43 34 07 84 14 52 54
67 46 14 88 54 60 84 72 42 59 83 94 37 26 47 90 23 07 21 13
69 91 86 94 23 72 85 27 16 57 87 44 84 01 79 55 41 20 53 48
15 95 51 42 06 09 03 64 86 70 65 62 22 18 94 32 24 73 19 75
57 39 38 55 97 44 16 92 51 01 45 05 34 49 08 85 31 43 50 63
63 76 68 27 55 73 38 89 18 46 72 26 70 51 39 45 64 96 02 84
69 92 10 42 34 82 04 32 89 26 16 62 02 06 97 28 53 90 39 38
95 28 11 12 56 27 21 02 77 67 07 38 06 90 51 58 60 48 91 66
16 12 20 05 80 82 33 49 68 02 83 30 01 51 74 03 19 59 27 39
57 48 70 72 13 35 47 09 11 62 64 94 89 76 91 24 95 85 21 04
45 35 97 85 92 25 26 61 91 99 77 32 95 58 05 29 24 72 86 30
41 65 35 71 37 07 33 20 53 50 44 17 10 23 85 49 68 64 31 70
93 15 54 23 00 10 04 86 34 01 28 02 87 25 76 09 03 48 72 41
72 09 15 97 21 01 75 55 82 88 29 78 12 87 77 25 40 20 68 10
40 54 13 45 26 38 61 33 64 91 06 53 75 30 62 69 22 18 36 34
01 25 85 90 86 44 67 41 59 97 48 35 32 18 61 62 09 28 53 43
80 16 00 77 92 98 13 89 06 19 29 01 50 79 94 49 65 39 20 40
75 72 66 30 62 35 21 39 67 92 61 65 23 13 16 63 53 01 81 22
25 96 30 44 32 18 58 07 82 71 41 79 86 98 61 52 56 59 72 88
57 10 94 74 24 60 00 09 67 61 63 78 37 15 47 97 58 18 51 88
11 34 36 84 37 27 71 81 31 83 52 13 88 41 32 87 91 17 38 04
80 74 25 44 71 48 32 01 88 17 50 76 49 27 07 29 91 90 13 11
17 26 19 63 09 31 72 10 84 47 39 32 40 30 88 92 38 02 23 56
46 83 03 82 21 56 04 11 80 64 92 35 45 59 08 31 53 07 39 47
23 65 64 42 45 14 73 25 37 99 66 74 46 30 31 00 67 02 48 36
32 23 83 11 90 60 74 33 63 82 12 53 29 56 14 02 65 15 92 41
41 55 05 03 38 08 87 36 69 25 29 82 81 79 45 50 64 73 52 02
09 27 19 29 47 11 77 61 10 12 94 84 35 56 31 74 21 02 48 75
73 99 35 00 02 34 70 71 75 59 15 91 27 82 69 09 89 03 10 40
43 95 24 59 85 27 84 20 14 12 82 08 86 35 58 21 30 36 88 77
69 08 90 50 19 45 44 65 33 06 60 58 85 81 30 54 64 26 66 76
08 40 69 81 64 41 39 06 70 26 02 59 25 95 67 84 11 28 32 76
86 69 62 92 68 77 51 48 34 45 08 23 26 00 52 82 66 12 71 94
68 38 29 09 07 97 40 37 12 56 08 01 96 83 14 46 20 63 03 41
54 45 27 07 86 62 24 39 65 59 78 03 41 48 38 22 79 29 67 71
88 97 86 49 24 34 47 17 05 52 58 45 03 31 43 74 84 46 59 57
17 10 78 76 47 60 90 44 38 13 36 28 65 84 37 80 21 26 41 43
84 17 37 05 15 10 85 16 51 38 19 76 52 49 99 41 21 44 03 94
27 24 98 45 47 94 48 69 23 42 55 75 10 90 62 43 70 09 12 80
06 42 40 79 21 74 27 02 86 45 96 29 76 12 10 58 51 07 49 71
66 21 42 32 34 53 79 75 38 48 86 95 62 13 52 45 57 92 02 71
20 63 71 67 99 48 47 85 25 15 07 65 27 13 21 24 38 22 73 55
27 13 37 97 41 95 58 68 78 53 60 86 84 49 54 59 80 05 48 33
06 54 71 22 89 59 41 91 33 35 55 53 47 87 80 30 16 20 50 07
32 54 82 87 80 64 65 81 29 18 69 50 10 74 44 19 03 42 91 55
32 15 41 29 25 20 53 52 48 69 79 82 58 88 03 81 10 12 54 77
85 75 23 24 65 10 02 33 11 89 71 93 51 43 66 13 55 06 49 08
60 16 20 62 57 50 10 30 51 78 92 14 43 56 04 83 65 15 28 95
84 30 93 19 56 10 99 92 89 90 51 14 40 87 04 79 66 24 25 46
89 31 94 54 25 07 98 38 60 44 13 55 51 24 35 68 96 14 63 82
33 78 48 22 58 82 38 83 05 26 76 32 45 80 69 54 18 47 81 53
60 62 50 74 85 41 66 87 51 45 46 25 81 36 15 59 14 38 99 95
41 64 45 34 99 46 76 33 50 57 40 03 39 22 42 85 79 70 05 43
96 24 06 47 37 59 43 92 49 03 57 17 88 75 67 73 26 87 93 60
06 98 81 73 35 59 40 85 23 48 88 02 56 08 21 26 04 07 82 65
45 49 22 10 26 00 33 40 91 43 12 81 98 60 84 09 24 77 85 41
24 45 29 66 25 90 82 18 50 93 43 10 63 49 39 38 55 85 70 58
37 54 79 25 18 52 26 38 20 15 96 29 48 89 50 07 55 39 23 09
34 11 48 73 85 25 33 39 84 56 78 12 45 04 94 07 51 81 90 50
51 83 52 27 48 66 08 95 81 09 87 75 86 18 73 28 60 46 19 06
97 43 11 75 09 69 51 64 79 50 63 28 76 04 36 10 12 71 67 39
73 45 44 65 30 12 06 66 04 92 55 79 62 98 28 88 51 49 81 43
33 72 18 24 15 70 05 01 50 29 93 37 42 17 26 38 32 47 34 27
10 32 95 85 66 42 91 98 38 77 68 19 59 01 24 82 50 20 40 48
59 23 86 38 81 63 17 04 16 51 54 88 90 84 44 08 62 30 57 66
51 89 62 56 72 86 55 52 31 63 66 24 36 98 53 54 13 70 06 93
86 11 65 45 14 48 61 75 68 35 67 74 55 08 05 79 96 29 53 73
00 65 37 25 38 33 68 66 23 89 62 92 01 56 83 29 26 94 48 42
58 55 13 32 16 82 04 83 98 43 61 11 69 60 92 02 73 50 33 80
25 98 91 01 08 18 49 29 83 81 61 80 70 12 95 62 74 86 27 41
09 53 83 69 33 26 96 13 81 52 78 30 19 59 47 18 11 15 06 85
87 64 24 84 96 80 47 45 54 77 55 73 63 59 40 15 81 49 12 69
60 89 39 71 61 09 49 41 67 15 82 14 92 29 46 76 01 43 45 65
21 24 70 31 94 34 38 89 87 30 77 17 15 81 92 76 72 22 62 12
51 43 57 30 36 65 35 23 96 76 17 59 63 52 99 01 86 82 29 95
23 77 20 46 01 15 55 69 40 14 25 53 19 27 57 79 00 83 89 13
96 65 75 55 42 23 53 59 25 78 43 94 68 91 54 95 11 39 04 24
22 73 89 61 27 77 34 56 66 47 36 98 00 29 65 13 53 97 14 69
51 14 41 69 91 12 76 84 62 06 10 35 92 60 48 86 81 71 57 04
71 57 12 13 56 91 95 73 30 67 52 55 46 38 14 26 19 34 35 53
21 32 57 47 43 88 44 52 06 22 11 04 03 84 15 51 63 73 28 01
05 83 68 91 69 58 76 92 17 31 35 63 33 12 41 11 00 23 26 72
75 98 63 45 29 64 57 82 91 77 19 02 84 25 43 92 39 51 83 56
09 65 00 53 75 91 50 82 89 41 72 21 76 49 31 05 55 47 15 30
19 83 89 42 98 05 71 22 03 34 43 01 39 29 33 88 77 80 16 54
04 00 12 18 39 11 51 94 17 97 48 98 91 42 27 33 59 37 44 85
30 73 99 11 02 61 50 39 65 23 48 52 35 84 64 33 38 83 58 25
24 45 07 72 40 71 48 51 95 77 64 34 74 56 76 16 55 54 33 01
17 72 95 93 37 78 02 26 50 41 06 82 28 19 71 25 97 49 24 63
93 08 62 12 30 65 26 55 44 10 18 85 25 84 01 69 35 67 00 61
64 33 40 65 74 48 09 84 59 42 14 73 96 41 54 28 79 97 62 24
95 00 72 58 19 93 29 94 92 21 96 86 50 24 16 45 27 31 88 04
19 51 58 78 73 48 94 27 98 21 56 31 83 40 47 72 37 60 66 81
05 11 25 64 62 40 38 68 21 69 97 88 24 23 94 17 27 04 96 90
27 03 12 07 80 36 31 88 20 93 28 58 42 23 83 44 79 55 84 76
62 47 54 33 21 25 01 78 94 92 26 90 30 71 57 00 86 39 95 64
21 47 31 48 46 52 34 83 29 77 37 32 49 86 51 81 35 74 20 79
87 51 49 90 01 46 17 83 23 29 81 22 53 16 30 00 88 25 42 84
36 50 27 69 47 14 02 80 06 25 68 09 53 88 07 75 18 79 13 90
53 44 88 65 23 75 77 35 10 34 86 69 80 17 05 54 61 68 56 06
44 97 95 59 54 96 22 49 20 86 61 74 06 15 70 24 66 28 13 11
65 62 22 33 09 63 76 85 28 46 48 87 34 72 77 18 93 13 41 37
45 28 51 42 12 16 48 25 61 08 92 14 49 66 81 04 52 36 53 54
35 16 38 03 58 51 12 04 19 97 34 66 78 84 14 17 48 93 33 23
26 54 42 92 11 58 14 37 38 52 13 91 90 08 36 57 99 12 61 24
65 78 93 59 33 68 77 16 92 25 76 85 66 12 14 64 01 55 07 57
37 70 47 91 10 43 80 85 31 89 25 19 16 68 01 83 99 38 34 08
93 84 32 27 35 74 56 38 20 90 76 29 82 58 97 33 79 66 12 23
40 15 64 38 96 61 88 62 82 01 74 16 59 87 19 04 83 89 75 48
39 26 61 07 81 82 45 96 73 11 85 56 70 80 64 09 62 60 05 15
71 22 40 84 74 34 39 31 91 99 29 68 83 72 14 90 88 67 01 37
89 88 67 06 50 40 45 16 44 46 38 96 70 30 17 59 55 27 62 49
33 57 80 10 81 28 99 44 76 85 49 71 64 86 75 47 09 48 74 41
11 49 67 05 37 41 32 06 99 65 44 89 17 25 76 23 58 62 80 59
17 46 10 81 65 74 05 80 64 14 28 32 70 90 77 33 71 39 38 11
31 44 60 95 29 08 17 43 69 90 96 66 87 11 37 07 77 59 68 03
41 64 39 90 88 38 94 85 77 50 03 53 08 97 57 32 13 76 04 55
79 57 86 41 07 40 77 20 06 83 60 98 49 70 14 76 47 84 66 35
38 32 20 44 09 64 59 13 47 97 60 61 87 26 70 41 50 03 46 15
27 61 08 96 06 46 03 47 40 80 37 89 12 15 54 44 22 43 09 99
31 71 28 78 22 44 05 01 56 57 67 23 82 47 17 41 15 54 72 55
50 96 01 99 47 09 75 14 05 74 90 23 65 54 56 70 16 08 28 66
64 31 74 08 65 56 69 54 42 67 62 92 85 39 73 43 55 98 14 20
13 44 52 33 64 61 14 47 99 09 06 28 53 77 62 02 22 82 36 42
35 77 46 95 82 52 76 60 18 96 99 09 43 59 72 74 21 75 12 22
15 87 45 78 95 68 48 25 12 70 79 80 60 72 05 43 65 54 34 61
07 76 32 27 33 94 18 75 23 58 77 83 78 42 91 05 39 65 72 21
12 72 62 23 81 08 49 74 36 16 56 45 26 87 30 48 24 69 27 73
28 91 94 55 24 78 37 51 98 45 84 49 41 66 25 48 10 46 44 34
53 75 92 10 43 62 99 33 38 79 24 65 89 32 04 96 97 50 34 11
97 43 06 48 16 99 26 17 32 58 25 94 05 75 52 72 39 92 83 95
21 74 41 24 33 02 90 10 81 67 45 08 55 64 06 18 65 43 23 15
41 34 15 64 78 14 44 54 23 49 36 33 32 03 66 65 60 29 16 99
92 12 42 29 49 23 32 28 64 24 16 52 20 87 14 25 05 46 33 68
58 31 78 37 69 94 42 85 97 41 28 02 45 74 68 10 26 71 61 06
27 19 42 64 94 35 05 68 96 07 93 67 60 21 56 22 62 86 01 71
92 04 40 81 59 84 49 94 33 78 98 85 91 56 52 66 01 75 20 64
81 20 63 87 64 57 65 41 62 05 79 83 36 91 21 24 55 74 50 85
48 25 19 51 26 22 53 11 38 41 34 27 00 70 69 15 80 24 87 32
04 10 41 01 73 59 17 33 99 69 07 63 12 20 49 87 23 53 68 22
47 79 97 64 70 72 99 94 98 56 25 36 33 34 35 45 78 12 40 57
47 12 61 90 91 66 05 06 87 15 67 44 78 85 96 13 92 54 73 43
35 13 47 78 83 96 19 45 16 92 15 82 67 34 50 77 95 40 70 87
22 16 33 12 49 48 19 30 81 63 47 91 07 20 04 36 11 68 60 78
51 20 32 45 84 50 62 12 26 14 44 83 19 93 13 58 03 92 17 06
87 05 24 84 64 69 95 20 91 30 15 04 83 22 35 13 90 67 48 75
85 55 58 48 52 26 99 42 09 36 54 74 20 37 84 90 98 97 32 70
77 46 48 87 60 73 84 39 38 89 71 51 44 49 11 04 29 72 88 76
98 73 56 07 58 34 39 83 35 88 25 10 29 55 54 28 87 32 08 24
04 35 27 76 97 13 09 53 22 55 33 23 70 65 87 45 01 50 29 06
90 72 27 76 78 12 77 50 86 32 61 42 94 96 68 52 92 66 49 14
48 37 15 16 60 24 49 32 98 41 43 00 70 87 82 55 91 95 54 08
69 42 04 15 55 03 09 22 68 36 75 58 95 33 48 76 18 43 93 12
18 71 37 73 84 43 78 20 07 53 90 44 12 41 55 97 22 09 74 14
65 20 53 40 11 62 54 39 04 29 93 86 44 82 90 13 25 00 42 96
22 82 10 81 01 86 12 66 89 44 16 69 42 31 52 48 05 38 18 74
04 46 47 88 30 35 94 27 71 58 78 14 56 53 60 31 80 89 48 29
14 50 95 57 25 92 97 38 64 85 09 07 42 91 99 65 48 55 67 59
14 00 32 98 76 43 85 65 69 66 26 49 72 53 47 62 25 15 30 94
74 23 61 09 36 88 34 85 25 53 47 73 38 30 13 37 72 21 87 57
10 99 24 48 76 17 22 54 21 95 66 62 77 02 04 12 06 72 52 01
50 02 80 60 49 43 78 29 51 01 77 10 04 33 74 03 23 70 21 66
75 97 66 00 70 68 73 47 50 56 72 33 32 15 11 71 23 34 65 77
07 99 37 36 12 02 92 34 98 58 32 28 73 90 39 54 65 48 77 20
40 14 74 93 68 91 08 67 88 32 12 52 22 86 39 66 62 04 76 89
64 27 22 78 39 59 42 23 80 58 73 79 49 87 17 77 55 94 63 37
60 84 67 46 72 09 75 00 12 68 54 11 03 82 66 29 31 32 63 25
58 37 13 51 67 61 24 50 68 26 47 36 62 04 92 90 32 94 56 20
00 92 11 28 37 95 44 80 93 42 64 50 47 33 24 54 16 61 34 07
97 98 35 64 11 94 12 52 92 54 14 36 16 69 99 53 44 84 09 61
49 41 86 78 52 26 96 85 19 57 59 32 36 48 79 00 93 83 31 53
33 76 59 81 49 25 29 39 52 57 21 68 73 10 58 77 53 63 48 26
86 58 74 29 85 18 90 88 69 76 95 33 60 53 41 30 43 04 48 09
69 93 17 36 83 78 38 19 13 20 12 99 62 48 29 97 80 74 76 14
89 61 57 17 48 46 10 20 71 03 96 38 22 51 50 55 69 49 72 85
19 64 07 43 85 11 28 54 02 21 60 72 73 15 63 40 35 36 91 38
54 33 59 23 69 35 38 67 48 28 95 57 32 91 27 40 10 56 83 03
43 32 58 35 39 55 46 01 12 30 10 97 95 71 00 34 29 61 36 69
04 70 26 21 65 60 57 84 89 29 92 78 40 76 42 11 35 74 39 06
22 23 06 15 63 93 69 99 03 44 90 94 95 51 70 42 55 97 50 65
59 02 06 77 42 71 96 45 20 25 22 97 85 03 05 10 74 79 65 61
19 04 47 76 42 18 20 00 99 08 15 93 60 54 55 97 98 71 89 41
32 65 22 43 34 14 90 75 42 85 71 91 87 51 10 84 33 20 25 23
29 25 90 30 56 45 03 47 26 84 78 07 82 99 77 41 59 76 05 62
82 55 92 33 50 08 78 06 61 71 47 04 12 87 94 60 14 67 37 72
78 48 03 99 44 68 05 96 14 94 17 64 52 39 47 98 35 67 21 50
86 73 81 91 36 79 01 05 59 20 62 94 30 07 51 16 87 58 35 25
45 03 65 22 10 49 57 33 61 72 02 23 84 95 99 53 90 82 63 64
01 50 21 14 32 34 17 07 64 80 76 36 61 74 53 49 71 30 52 02
20 60 15 77 98 59 61 01 66 56 11 69 87 21 44 55 31 17 36 18
27 19 07 30 61 49 05 39 40 91 82 47 50 64 45 51 48 54 60 81
71 31 35 33 47 81 82 14 61 01 51 69 07 29 91 17 26 36 48 23
86 38 04 75 97 10 81 61 26 63 46 05 82 52 23 98 76 85 50 49
55 44 14 71 92 96 17 68 19 35 21 43 64 05 01 37 27 50 23 39
77 03 58 73 74 22 06 78 96 93 50 15 92 70 43 64 82 16 51 31
40 67 15 52 01 53 44 34 54 70 87 20 94 91 84 08 41 57 95 29
33 18 43 65 15 70 16 26 03 74 27 64 05 72 06 99 25 49 39 61
41 30 76 81 03 50 04 65 25 99 85 62 18 24 34 17 20 86 22 55
54 70 37 49 91 12 50 03 47 82 25 52 85 24 36 59 42 08 30 44
94 71 76 23 95 50 58 12 18 09 96 73 37 83 07 55 28 49 22 67
80 72 28 96 46 93 18 06 19 89 76 45 27 29 63 78 08 54 23 77
70 07 46 51 26 54 39 80 90 01 95 43 66 63 11 24 38 08 92 32
95 36 18 12 61 78 37 35 23 26 65 86 63 25 73 27 79 96 34 82
55 48 14 42 93 90 32 82 37 15 34 78 95 17 97 12 56 74 21 44
30 71 31 38 88 13 34 85 27 63 08 24 66 46 39 59 67 47 12 37
14 41 69 96 59 61 03 47 62 16 46 17 18 30 52 84 79 75 68 99
48 58 12 27 24 97 54 71 49 81 90 66 13 59 62 88 07 26 57 08
95 84 77 97 24 55 76 91 82 72 59 54 20 19 30 06 05 12 13 21
85 45 64 97 94 14 70 25 61 98 96 82 88 41 65 73 72 10 55 48
58 31 19 71 02 33 90 56 05 87 96 49 84 00 03 92 41 38 17 22
91 00 07 04 90 38 58 95 75 85 39 15 71 94 21 27 74 54 88 55
19 85 00 20 66 71 68 15 75 63 41 01 11 24 34 62 94 27 47 91
94 91 97 79 03 98 02 01 72 53 78 52 80 27 87 32 70 24 10 62
98 24 35 86 46 71 59 49 81 19 28 89 58 04 97 47 88 34 93 37
30 76 57 15 66 73 14 74 78 79 47 09 68 81 97 91 52 60 64 88
75 08 65 76 99 42 88 15 73 56 02 85 20 94 79 55 67 44 12 19
06 60 95 52 42 09 84 43 31 07 85 24 64 90 37 82 54 65 14 74
61 15 86 56 79 64 65 46 42 78 07 68 80 39 37 76 62 24 00 72
89 96 25 55 88 13 70 41 36 83 72 79 52 32 48 73 31 05 19 76
14 64 81 68 70 51 97 56 62 21 36 29 91 53 57 43 45 11 67 90
91 09 60 68 20 72 25 43 45 23 26 38 92 73 56 03 27 80 11 89
16 43 75 76 28 97 53 93 48 29 12 91 03 02 63 08 22 18 96 68
35 68 99 76 11 55 08 53 32 40 62 02 22 65 91 39 18 45 46 17
20 68 95 28 27 49 17 25 84 92 76 74 64 23 71 67 58 51 22 01
19 87 71 79 54 52 35 84 56 91 96 22 99 43 03 90 83 14 67 57
00 69 16 25 72 23 24 03 22 11 86 20 39 37 47 84 87 33 93 43
02 90 36 78 71 72 21 66 94 85 70 31 23 59 34 50 52 10 01 00
01 29 63 85 23 45 94 36 69 42 44 35 56 34 12 48 19 66 25 60
92 30 60 01 50 32 76 79 15 62 37 59 13 94 04 93 43 21 82 57
00 61 67 12 03 34 62 78 54 96 60 40 49 48 65 41 74 86 05 93
88 56 13 48 16 64 30 06 60 75 97 66 81 55 73 61 89 65 94 41
44 78 51 06 02 85 16 14 66 42 99 32 24 39 46 10 18 23 20 70
59 32 58 61 69 10 46 36 95 74 86 83 40 07 43 80 78 39 99 01
54 63 10 80 57 13 50 14 45 66 84 51 29 25 12 36 83 96 41 76
51 95 90 93 76 89 22 00 14 38 79 82 49 43 32 39 33 16 13 09
54 30 45 00 65 55 91 96 11 74 94 89 33 31 64 90 53 27 81 03
61 09 95 27 29 35 98 10 26 86 32 24 48 65 02 82 33 75 16 42
02 34 65 29 71 94 08 33 38 43 01 44 74 62 23 49 55 03 14 52
75 02 18 59 85 46 45 53 12 01 10 82 79 50 92 77 14 40 95 47
97 29 82 42 25 58 39 18 94 26 16 48 50 30 27 62 98 06 44 89
81 97 04 60 98 54 70 36 46 17 57 67 95 32 83 21 58 94 61 47
47 67 50 61 75 10 43 51 20 48 98 91 12 86 02 40 16 63 54 31
54 44 55 34 72 92 83 37 49 78 85 51 19 35 23 68 90 30 22 76
58 17 73 75 51 07 47 55 96 50 54 04 19 86 57 82 88 89 49 81
42 77 64 52 13 03 43 22 80 24 32 93 51 39 15 34 92 12 11 65
04 06 73 45 89 27 43 93 97 69 44 18 70 56 26 54 08 62 57 74
77 99 59 78 46 64 68 22 09 07 00 15 75 37 19 35 04 63 27 87
82 41 97 99 94 07 70 20 04 02 42 64 12 40 74 06 68 76 90 55
71 25 79 63 04 73 22 01 85 80 36 48 92 33 12 15 52 26 95 41
62 43 19 18 21 49 61 63 64 36 50 22 78 72 75 51 79 46 12 40
39 43 18 92 41 84 71 51 53 35 77 94 56 47 46 03 45 44 09 16
10 64 71 47 67 54 55 91 38 89 58 13 33 63 18 59 98 23 94 99
85 92 02 39 59 51 43 86 25 45 01 28 44 95 19 70 78 56 93 06
54 86 11 94 69 44 48 78 31 49 21 67 06 02 93 35 38 52 04 17
96 23 84 06 79 03 42 82 09 25 33 45 83 10 75 46 05 62 13 15
82 98 93 30 61 34 53 46 33 11 87 94 83 96 90 22 31 99 29 04
25 21 99 27 80 96 67 46 85 13 65 04 28 81 49 09 16 33 51 82
25 54 28 81 92 48 52 24 51 42 56 70 31 65 75 67 11 86 40 47
50 52 84 11 13 01 56 32 09 76 25 72 83 15 65 41 75 43 80 30
70 30 81 66 43 16 56 79 39 88 92 48 96 91 00 83 82 75 54 20
60 15 66 65 04 63 09 39 40 99 22 27 55 21 43 74 13 18 33 61
04 76 29 14 77 27 00 86 91 55 40 33 72 23 24 19 90 13 53 81
52 24 40 28 92 89 99 19 53 56 98 07 18 39 15 06 45 72 84 88
66 38 25 98 01 41 15 14 55 78 62 45 82 29 02 40 22 92 85 07
31 34 36 29 71 11 68 85 40 35 72 79 28 88 50 22 95 80 33 58
34 65 83 10 24 71 49 54 68 77 00 70 78 91 61 95 46 62 39 12
26 33 50 77 13 09 17 82 99 20 49 68 97 04 22 28 16 57 01 93
55 76 04 98 81 59 67 57 46 96 23 80 64 02 06 51 93 50 41 88
68 05 43 69 88 33 57 97 58 67 29 81 64 48 40 83 70 38 15 42
09 98 32 86 41 62 26 03 01 11 18 35 24 20 48 31 66 33 93 50
05 83 99 80 28 89 00 53 18 49 54 40 79 11 26 82 04 92 70 33
88 70 44 45 86 01 28 46 90 27 95 23 22 38 93 32 77 51 10 94
11 35 69 93 06 31 29 10 18 80 77 26 28 05 50 63 97 17 38 08
16 04 49 29 44 22 71 55 42 75 69 93 09 24 51 21 11 65 82 67
43 04 17 38 22 82 16 56 54 67 62 89 40 70 87 64 35 96 42 61
79 46 23 21 14 37 52 17 91 28 81 49 45 56 12 89 73 09 03 63
29 09 95 66 68 72 30 64 03 73 05 69 19 15 06 56 17 62 84 53
05 72 80 52 57 13 54 24 50 18 28 27 58 43 93 19 68 83 12 15
67 90 58 52 08 59 62 78 37 53 07 50 41 15 66 45 87 48 23 02
78 95 84 31 62 96 44 83 22 61 48 58 68 74 77 42 81 65 71 40
77 48 01 00 89 13 50 36 78 25 29 38 71 54 53 03 87 61 85 30
51 30 16 27 58 04 79 57 19 74 08 54 35 78 59 83 46 42 43 56
02 32 56 60 86 24 75 64 68 97 26 95 78 91 44 00 74 14 22 03
19 17 36 13 16 84 73 25 98 66 54 92 86 77 06 95 65 14 62 24
68 85 32 83 14 17 98 42 16 96 05 10 77 91 06 48 58 24 35 71
22 73 94 77 19 85 21 35 75 92 38 71 81 63 91 14 17 52 12 27
77 16 97 44 63 87 24 49 86 08 05 55 94 50 73 15 90 33 69 09
13 03 30 14 65 20 85 92 81 59 16 93 51 78 31 07 44 35 25 23
85 77 45 08 76 66 72 98 40 96 02 70 49 84 99 62 03 16 04 14
00 25 61 32 33 18 10 51 07 11 83 26 15 35 20 89 24 84 82 05
72 17 62 09 93 96 48 33 47 12 21 18 91 94 78 89 61 88 68 50
24 98 62 90 44 06 04 41 13 99 43 53 65 31 00 47 91 10 33 21
64 48 40 08 22 77 47 16 34 62 53 39 52 14 54 92 06 43 89 25
56 41 01 69 86 92 47 43 14 73 05 96 34 53 39 82 61 76 42 49
78 91 73 53 56 88 92 87 04 95 24 34 15 26 10 70 19 20 85 72
89 27 37 83 79 07 46 67 70 39 13 77 68 57 34 94 43 22 47 93
63 68 34 40 26 73 28 32 91 38 75 41 66 45 11 80 19 39 24 00
15 71 08 47 80 16 36 56 24 60 51 33 87 91 27 22 25 21 90 02
63 58 71 19 41 00 13 66 29 73 20 30 69 32 91 45 53 61 88 01
65 27 73 41 44 78 46 82 12 03 87 32 31 36 68 07 94 72 19 59
15 97 43 89 24 95 60 81 46 07 47 38 03 25 75 57 02 90 45 87
30 11 04 39 97 94 48 95 88 79 73 82 69 74 71 47 46 41 57 16
54 08 60 42 17 81 56 30 24 14 65 47 80 07 04 63 89 39 26 71
13 19 69 49 59 28 22 60 96 20 26 42 52 16 11 43 86 58 55 93
27 20 70 74 59 71 19 63 15 85 17 80 34 69 37 36 02 88 32 72
21 89 10 55 39 94 99 06 17 76 81 14 71 43 05 08 64 02 47 93
52 77 73 29 04 20 96 49 01 10 57 00 03 64 89 61 88 30 18 63
44 50 21 40 65 12 08 73 18 39 91 41 10 07 61 20 67 78 52 99
45 36 22 56 97 73 93 48 76 19 87 47 51 75 25 40 00 43 46 31
46 63 33 03 22 70 72 79 53 27 20 95 61 06 75 68 84 37 64 14
17 25 73 55 62 40 37 42 72 71 57 79 92 50 80 48 93 36 38 82
07 90 77 19 27 12 03 78 04 35 43 20 24 88 38 30 05 44 31 81
26 43 37 39 58 44 38 59 07 81 89 61 92 68 83 05 16 70 33 22
51 37 84 80 47 07 38 01 81 17 97 67 90 22 61 93 40 43 49 99
29 94 45 06 93 72 10 40 05 87 07 98 89 99 24 34 44 75 74 15
18 43 78 20 93 34 85 02 26 70 88 17 74 05 04 27 23 40 66 28
21 40 61 77 19 66 55 97 22 11 92 80 60 67 95 35 31 05 46 84
76 00 85 84 36 93 17 96 23 73 55 92 62 60 31 88 03 79 11 94
47 92 18 98 19 17 22 95 51 43 14 01 61 93 32 28 73 87 70 46
34 68 22 49 45 14 71 81 18 10 27 56 99 04 50 37 89 05 48 63
30 18 44 76 20 64 77 96 85 23 34 46 71 11 09 86 88 45 42 14
25 31 99 85 08 81 92 56 07 64 21 66 49 94 54 73 53 61 50 78
79 44 18 43 31 55 92 00 69 72 06 14 98 90 82 17 62 49 16 64
