50
10
0.683 0.545 0.386 0.327 0.238 0.406 0.525 0.099 0.446 0.158
0.990 0.465 0.950 0.208 0.644 0.347 0.743 0.653 0.832 0.861
10
0.91 0.68 0.79 0.71 0.82 0.66 0.84 0.77 0.55 0.96
0.29 0.30 0.11 0.43 0.41 0.46 0.45 0.25 0.04 0.37
10
0.06 0.27 0.23 0.17 0.04 0.21 0.25 0.08 0.10 0.19
0.52 0.96 0.94 0.56 0.92 0.31 0.33 0.90 0.44 0.67
9
0.52 0.83 0.90 0.79 0.93 0.69 0.76 0.48 0.59
0.07 0.38 0.21 0.03 0.34 0.14 0.31 0.10 0.24
8
0.67 0.62 0.29 0.33 0.71 0.05 0.52 0.10
0.24 0.38 0.95 0.48 0.19 0.43 0.14 0.57
10
0.33 0.38 0.83 0.79 0.22 0.71 0.75 0.84 0.57 0.10
0.11 0.81 0.49 0.02 0.48 0.32 0.19 0.70 0.87 0.44
10
0.46 0.06 0.51 0.09 0.35 0.01 0.14 0.36 0.28 0.39
0.72 0.77 0.94 0.83 0.93 0.52 0.91 0.70 0.86 0.58
10
0.54 0.62 0.40 0.04 0.37 0.69 0.12 0.31 0.02 0.90
0.52 0.67 0.50 0.10 0.96 0.29 0.06 0.71 0.46 0.48
10
0.90 0.94 0.06 0.24 0.45 0.71 0.10 0.50 0.65 0.79
0.35 0.85 0.08 0.11 0.48 0.39 0.53 0.76 0.32 0.16
4
0.71 0.90 0.97 0.74
0.26 0.16 0.23 0.10
10
0.31 0.57 0.53 0.07 0.14 0.52 0.41 0.15 0.23 0.02
0.75 0.99 0.63 0.94 0.71 0.74 0.93 0.77 0.91 0.81
10
0.14 0.48 0.67 0.39 0.22 0.42 0.97 0.59 0.71 0.83
0.06 0.68 0.28 0.78 0.10 0.52 0.33 0.90 0.62 0.81
10
0.52 0.55 0.97 0.41 0.19 0.87 0.54 0.38 0.25 0.67
0.72 0.90 0.26 0.94 0.75 0.07 0.20 0.61 0.58 0.23
10
0.01 0.09 0.13 0.44 0.03 0.60 0.57 0.37 0.53 0.34
0.99 0.91 0.65 0.68 0.85 0.81 0.90 0.63 0.78 0.62
4
0.38 0.53 0.76 0.62
0.06 0.26 0.03 0.97
10
0.04 0.30 0.41 0.21 0.17 0.27 0.07 0.45 0.18 0.20
0.83 0.56 0.48 0.59 0.66 0.99 0.55 0.69 0.73 0.62
10
0.77 0.67 0.43 0.47 0.50 0.93 0.60 0.53 0.90 0.80
0.23 0.20 0.07 0.03 0.33 0.13 0.30 0.27 0.37 0.40
10
0.04 0.61 0.39 0.34 0.12 0.21 0.89 0.54 0.51 0.62
0.09 0.50 0.48 0.35 0.43 0.29 0.72 0.41 0.18 0.70
10
0.04 0.81 0.19 0.88 0.73 0.31 0.15 0.69 0.23 0.92
0.62 0.38 0.77 0.58 0.85 0.35 0.65 0.42 0.50 0.96
4
0.72 0.31 0.56 0.06
0.59 0.44 0.97 0.12
10
0.18 0.39 0.37 0.99 0.58 0.60 0.83 0.29 0.42 0.04
0.71 0.48 0.92 0.53 0.84 0.74 0.27 0.22 0.66 0.12
6
0.31 0.43 0.86 0.11 0.49 0.37
0.34 0.26 0.29 0.66 0.46 0.57
6
0.17 0.96 0.78 0.83 0.70 0.65
0.91 0.26 0.13 0.57 0.52 0.35
9
0.89 0.32 0.62 0.11 0.34 0.06 0.54 0.86 0.82
0.38 0.98 0.22 0.97 0.45 0.72 0.57 0.74 0.18
5
0.40 0.66 0.37 0.23 0.91
0.46 0.26 0.43 0.06 0.34
1
0.2
0.6
10
0.86 0.20 0.70 0.16 0.30 0.02 0.23 0.11 0.14 0.12
0.55 0.59 0.07 0.93 0.84 0.96 0.77 0.61 0.25 0.57
10
0.02 0.53 0.33 0.69 0.82 0.64 0.20 0.38 0.16 0.36
0.78 0.09 0.58 0.80 0.73 0.98 0.91 0.42 0.89 0.11
10
0.59 0.57 0.79 0.71 0.97 0.98 0.90 0.62 0.86 0.74
0.31 0.19 0.38 0.09 0.24 0.22 0.43 0.52 0.17 0.10
10
0.875 0.950 0.758 0.975 0.450 0.483 0.542 0.442 0.717 0.583
0.167 0.350 0.342 0.142 0.025 0.383 0.233 0.017 0.108 0.058
4
0.16 0.61 0.47 0.92
0.89 0.26 0.74 0.13
10
0.20 0.41 0.37 0.04 0.18 0.71 0.84 0.57 0.94 0.51
0.63 0.49 0.80 0.35 0.55 0.27 0.98 0.45 0.29 0.96
10
0.10 0.95 0.46 0.76 0.59 0.22 0.60 0.83 0.55 0.36
0.32 0.70 0.62 0.49 0.21 0.66 0.43 0.31 0.38 0.39
1
0.2
0.8
9
0.98 0.63 0.99 0.94 0.65 0.69 0.97 0.53 0.81
0.27 0.26 0.15 0.28 0.16 0.34 0.05 0.07 0.24
2
0.08 0.23
0.31 0.62
10
0.78 0.53 0.38 0.64 0.14 0.40 0.48 0.57 0.19 0.29
0.05 0.49 0.31 0.41 0.13 0.27 0.51 0.62 0.10 0.91
10
0.17 0.29 0.67 0.58 0.12 0.42 0.08 0.96 0.71 0.54
0.92 0.83 0.25 0.04 0.62 0.33 0.75 0.87 0.21 0.79
10
0.336 0.457 0.095 0.293 0.121 0.940 0.638 0.552 0.328 0.198
0.353 0.586 0.698 0.836 0.267 0.112 0.216 0.172 0.897 0.034
9
0.93 0.98 0.52 0.16 0.80 0.30 0.83 0.85 0.34
0.45 0.14 0.62 0.70 0.95 0.01 0.02 0.13 0.43
10
0.825 0.542 0.383 0.992 0.450 0.567 0.700 0.583 0.625 0.858
0.325 0.217 0.183 0.158 0.225 0.142 0.250 0.233 0.100 0.075
10
0.19 0.23 0.95 0.80 0.35 0.31 0.16 0.02 0.66 0.78
0.89 0.48 0.73 0.40 0.39 0.59 0.53 0.57 0.49 0.11
2
0.07 0.64
0.50 0.14
10
0.40 0.64 0.69 0.87 0.60 0.88 0.11 0.85 0.46 0.67
0.54 0.31 0.72 0.80 0.96 0.06 0.24 0.13 0.62 0.51
1
0.8
0.2
10
0.40 0.76 0.78 0.86 0.50 0.68 0.32 0.36 0.18 0.28
0.34 0.84 0.06 0.54 0.24 0.08 0.72 0.74 0.30 0.64
10
0.390 0.415 0.966 0.186 0.051 0.305 0.856 0.593 0.686 0.915
0.356 0.703 0.907 0.831 0.585 0.110 0.483 0.025 0.610 0.297
10
0.64 0.73 0.01 0.78 0.27 0.54 0.07 0.50 0.38 0.69
0.20 0.05 0.58 0.80 0.51 0.93 0.96 0.45 0.82 0.49
10
0.94 0.32 0.02 0.30 0.86 0.38 0.80 0.56 0.54 0.88
0.08 0.62 0.74 0.20 0.90 0.46 0.18 0.76 0.14 0.24
10
0.81 0.37 0.03 0.31 0.01 0.09 0.47 0.53 0.92 0.67
0.50 0.27 0.17 0.70 0.02 0.82 0.87 0.23 0.57 0.80
